examples/etopo1.asc
ncols        121
nrows        151
xllcorner    142.491666666667
yllcorner    -24.008333333333
cellsize     0.016666666667
[rows 84 to 125 of 151, columns 0 to 93 of 121]
275 273 271 268 265 265 266 263 259 253 247 242 238 233 231 232 233 233 235 238 239 241 245 248 253 259 266 273 278 276 274 280 287 303 314 311 323 336 339 344 350 328 315 292 290 283 283 274 266 264 259 256 254 248 246 244 248 245 246 239 230 227 224 219 216 215 219 222 226 230 235 232 230 224 218 216 219 225 230 234 238 244 253 248 243 235 231 232 226 220 217 218 220 222
264 269 266 262 259 260 258 256 253 248 244 239 236 232 231 232 233 233 234 237 238 240 244 250 255 262 272 283 292 282 283 282 286 293 298 310 330 325 327 335 317 299 298 286 284 278 279 279 278 282 275 260 254 254 251 250 251 253 250 240 232 229 225 227 219 214 214 218 223 227 228 225 224 221 215 214 221 225 232 237 243 248 254 249 242 236 228 225 224 220 214 217 225 229
263 264 262 258 254 253 252 250 247 244 241 236 233 231 231 231 232 231 233 235 236 240 244 249 255 262 268 273 281 284 282 283 285 292 306 318 310 313 318 297 296 287 284 279 276 274 278 285 289 283 274 261 260 262 260 257 254 247 243 239 233 232 230 226 225 218 213 213 220 228 225 222 218 215 212 216 222 228 227 233 239 249 254 248 241 235 230 223 219 217 213 214 220 227
268 262 257 254 250 248 246 243 241 238 237 235 233 231 230 230 231 231 232 234 236 239 244 248 253 258 262 265 268 271 275 280 287 297 297 298 311 316 299 286 283 278 276 272 271 274 281 287 285 281 294 279 276 282 273 260 253 248 241 238 238 230 225 221 219 216 217 211 213 218 221 219 213 210 213 216 219 223 228 233 238 249 250 246 239 232 230 225 220 215 211 214 221 223
266 260 254 250 246 244 243 241 239 238 236 236 234 232 231 230 230 230 232 235 237 239 243 247 251 255 257 261 265 270 277 280 282 288 293 307 305 288 280 278 275 273 270 268 274 282 281 282 277 279 290 285 284 278 300 282 263 258 250 243 235 230 230 225 224 225 222 216 210 211 217 220 211 210 219 224 226 231 231 239 242 249 252 243 240 236 233 225 218 215 211 213 216 222
266 261 256 251 249 248 245 242 241 239 236 235 234 232 231 230 230 230 232 235 238 241 244 247 250 252 256 260 264 269 273 280 287 293 315 296 280 275 272 270 270 269 265 268 275 278 282 285 272 268 288 287 265 262 272 272 257 255 253 242 234 237 234 233 232 225 220 215 211 208 209 214 214 211 219 227 229 232 239 236 240 245 252 251 244 235 228 222 219 218 213 211 216 224
266 264 261 258 256 254 251 247 245 242 239 237 234 233 231 230 230 230 233 236 238 241 244 246 250 253 257 261 264 270 278 291 309 298 295 281 273 267 265 263 263 262 268 273 275 282 287 288 276 264 274 271 267 258 258 262 257 248 243 241 236 239 236 238 236 226 221 219 214 211 206 210 213 208 211 216 218 226 230 230 237 249 246 247 245 240 233 229 227 224 217 211 214 220
264 262 261 262 260 259 256 253 250 247 245 242 239 236 233 231 229 230 233 236 238 241 243 247 252 257 262 268 274 286 299 290 286 281 271 272 268 266 260 258 261 267 273 277 279 283 285 278 270 260 263 262 259 254 252 259 258 251 246 243 242 239 234 232 232 231 229 224 217 213 209 206 206 210 206 211 217 221 225 231 236 242 236 236 240 246 238 234 227 223 219 213 210 213
260 255 254 255 252 256 261 259 256 252 250 247 244 240 236 232 229 229 232 235 236 239 243 246 255 264 270 285 305 298 283 274 270 275 268 261 263 259 255 258 263 267 272 277 280 284 284 271 264 258 255 259 256 252 247 248 252 251 247 242 239 235 233 227 227 229 231 228 224 218 213 208 204 206 207 212 217 225 225 227 235 236 230 227 232 241 241 232 229 222 217 214 209 210
258 253 247 247 249 254 259 263 262 257 256 254 251 246 241 236 231 228 229 232 234 237 240 245 254 263 267 283 293 277 268 264 265 265 262 258 255 254 255 263 264 265 269 274 278 286 288 274 265 258 251 252 254 253 249 243 245 252 245 238 234 230 228 226 221 221 225 225 229 222 215 214 208 202 208 211 216 217 217 222 226 229 225 223 232 235 239 238 230 223 225 218 211 206
258 255 247 242 247 249 254 261 264 264 265 261 256 250 244 239 232 228 227 228 230 233 239 245 249 254 264 284 288 275 272 258 255 260 254 253 249 253 262 261 262 270 273 282 279 279 277 268 263 261 253 246 244 249 249 242 239 246 247 242 239 234 231 231 226 221 217 217 219 220 221 216 210 203 205 210 209 211 213 218 224 231 224 220 227 228 233 240 234 229 227 220 215 208
253 248 246 239 242 246 252 255 262 274 272 266 262 254 247 241 233 229 227 226 228 230 236 241 244 252 260 270 281 271 267 256 253 251 249 247 251 259 269 272 267 271 278 281 287 280 266 260 257 259 257 248 243 246 249 244 241 236 241 240 241 238 239 233 226 223 221 214 212 212 214 218 210 202 203 205 207 214 218 225 228 231 224 219 222 226 232 232 235 229 224 220 220 216
250 242 240 236 240 243 248 255 263 274 275 268 260 252 246 241 236 231 227 226 226 228 233 236 241 248 252 263 264 265 270 258 250 247 244 250 254 259 266 276 272 278 284 286 285 292 286 265 255 251 256 250 242 242 249 244 240 235 236 236 237 244 241 235 232 231 226 219 217 213 208 212 208 200 199 204 207 211 216 225 233 229 223 217 217 224 223 229 236 231 226 220 217 216
248 242 234 234 238 245 252 258 267 276 267 261 255 250 244 240 236 233 229 226 225 228 231 233 238 243 245 252 257 266 262 249 248 243 250 249 250 260 268 274 281 285 294 301 276 285 291 267 253 247 250 248 240 237 242 241 239 231 233 233 239 245 245 243 236 228 221 217 215 211 206 207 208 200 197 204 207 209 215 222 234 232 223 215 214 217 220 226 231 232 232 227 225 221
245 236 231 233 240 245 249 256 264 273 266 259 253 249 244 239 235 232 229 226 225 226 229 232 237 241 246 250 256 258 251 250 240 245 253 256 258 259 258 272 277 276 291 311 277 265 286 264 258 252 244 243 243 238 233 235 234 229 231 231 235 240 239 244 235 228 231 223 217 211 204 202 205 201 196 199 204 211 216 221 227 228 221 214 209 213 215 220 221 225 230 228 223 218
242 232 228 232 236 240 248 254 267 274 267 261 254 248 243 239 236 232 229 226 225 224 227 231 237 238 243 248 255 254 247 240 238 243 246 251 257 264 264 263 267 273 280 281 269 259 258 253 250 248 244 238 236 234 230 230 230 227 230 228 229 231 233 239 240 231 227 224 217 213 208 201 199 198 196 197 205 209 211 217 218 220 222 216 208 207 214 213 220 228 233 229 222 218
237 227 227 230 236 243 248 256 269 272 262 258 253 247 243 240 236 232 230 226 225 224 224 225 232 240 243 247 250 249 247 236 243 248 248 253 260 269 268 269 273 273 279 282 276 265 255 253 249 246 242 240 237 233 230 227 226 224 226 226 226 227 228 237 239 230 225 217 213 212 212 206 203 200 197 197 204 204 206 210 212 213 216 210 208 204 207 210 217 222 224 225 224 220
227 223 229 236 241 247 256 257 266 269 264 258 252 248 245 241 238 236 234 231 228 226 223 224 230 239 242 244 246 244 242 233 243 247 254 263 263 273 276 274 280 281 279 286 273 267 261 258 252 249 248 245 240 235 232 228 225 222 220 222 223 224 229 234 232 228 226 218 211 208 206 204 205 206 200 196 198 199 200 204 206 209 214 211 208 202 206 209 217 224 223 214 217 217
222 221 230 239 240 243 249 250 255 265 263 260 254 250 247 243 240 238 235 231 230 229 223 224 230 239 241 243 243 237 235 235 238 246 252 265 275 281 285 280 287 289 287 288 280 282 270 266 259 255 248 246 241 238 242 234 231 226 223 219 220 221 223 225 226 220 221 222 216 214 213 214 210 207 206 196 198 203 208 206 207 213 215 209 205 200 206 214 218 220 220 212 211 213
218 222 228 234 234 240 242 245 252 264 267 262 257 254 251 245 240 238 239 236 232 226 221 225 231 239 240 241 240 230 233 241 243 245 257 265 270 278 299 289 295 305 307 295 299 304 285 274 264 257 252 247 244 241 240 238 234 228 224 220 217 217 215 219 217 216 218 227 226 220 216 211 205 201 200 195 197 204 213 217 218 218 218 211 203 200 211 212 216 213 217 215 207 204
215 220 226 228 229 234 238 245 253 260 269 265 260 259 255 245 243 246 245 239 231 223 220 222 229 237 239 240 234 228 235 242 243 246 252 258 265 274 282 279 275 282 291 289 301 324 316 276 267 266 258 249 245 247 247 241 234 231 227 220 215 213 212 212 212 215 223 234 229 221 217 211 206 207 204 196 192 201 209 214 216 216 215 211 200 201 213 217 211 211 216 211 212 202
213 217 219 223 227 232 239 249 259 267 269 271 267 265 259 249 250 251 243 232 226 224 220 222 230 237 236 236 229 227 232 238 244 247 253 265 271 278 268 268 264 266 270 276 287 293 300 298 283 277 264 255 249 242 237 235 232 225 224 223 218 210 210 209 213 220 225 235 233 233 224 213 212 206 200 193 191 198 202 204 213 210 209 207 197 203 209 207 205 213 211 203 206 199
211 215 218 223 226 234 242 247 255 256 264 271 273 270 262 255 258 252 240 236 235 231 220 219 229 235 231 232 225 228 235 239 248 254 253 259 264 263 259 256 257 259 267 269 275 284 285 290 288 290 275 265 253 246 242 237 232 229 222 217 219 213 209 208 216 227 235 235 237 233 222 217 221 213 209 199 191 192 197 201 210 207 204 204 195 200 205 200 204 206 199 197 197 199
210 213 217 222 230 238 244 253 249 248 255 263 278 275 264 259 258 266 248 237 234 225 220 217 225 228 224 226 222 225 232 234 239 243 246 253 256 250 251 257 258 262 264 273 275 276 268 270 269 271 269 257 250 246 244 240 232 226 225 219 215 217 214 209 212 224 234 231 235 234 230 226 221 214 207 201 195 191 192 195 200 203 198 200 193 197 199 195 197 194 195 198 201 205
210 213 218 223 230 237 245 249 242 246 252 255 268 272 267 262 259 265 245 233 226 226 223 217 223 221 219 220 221 224 229 239 243 247 249 254 249 247 252 255 261 262 263 266 267 262 258 260 260 260 259 253 246 240 233 227 223 220 219 221 221 214 212 210 209 217 228 228 229 227 233 226 217 211 206 200 196 193 191 189 190 198 194 193 190 191 194 194 197 199 202 204 209 213
209 214 217 223 230 236 241 237 237 242 247 254 266 278 273 266 265 269 258 234 228 222 224 217 218 218 223 227 231 230 230 243 249 253 252 249 243 243 244 249 251 252 257 264 271 265 255 252 254 251 252 246 238 230 224 221 219 216 215 216 218 217 213 209 206 213 223 221 223 223 227 218 211 208 206 203 199 199 199 192 188 189 194 188 191 197 206 201 210 211 216 212 216 222
207 210 214 222 228 234 234 231 238 246 253 254 267 278 272 269 267 271 256 239 230 220 217 215 215 222 225 225 228 230 232 241 247 251 251 239 240 240 245 244 249 256 261 261 259 263 257 250 246 247 241 235 231 228 231 229 226 220 216 214 215 224 220 212 204 208 216 218 216 219 222 223 221 219 217 211 205 209 203 197 192 188 188 188 195 204 216 214 220 225 225 223 225 219
206 211 216 219 225 226 225 233 239 246 252 262 264 271 275 275 277 278 270 241 228 221 219 218 216 216 219 222 228 227 229 238 241 246 243 236 235 241 250 248 251 252 256 250 251 257 261 251 248 246 241 242 241 235 233 232 227 225 223 215 212 215 218 213 204 203 214 217 212 215 217 226 230 227 220 218 217 215 213 204 198 194 186 187 196 208 212 213 218 220 218 219 220 212
209 214 216 215 218 224 231 237 241 247 256 262 263 266 268 270 270 269 254 250 227 224 223 222 217 214 214 223 224 220 222 229 235 241 235 235 241 246 250 252 251 246 247 246 249 256 263 259 257 254 254 244 237 231 225 223 221 220 217 213 211 209 207 206 202 200 203 211 210 212 216 227 231 225 224 229 230 224 224 212 211 196 188 186 194 200 201 203 207 212 212 212 217 214
208 211 210 214 217 222 229 235 240 246 252 252 253 257 259 266 256 251 238 232 230 227 223 222 223 217 212 216 216 217 222 231 234 230 227 240 244 250 249 250 247 242 243 242 246 252 260 262 254 251 250 244 236 231 226 223 221 217 217 221 227 216 212 207 205 202 200 203 206 211 223 227 227 231 232 230 227 231 231 218 204 195 189 185 190 192 196 201 208 211 213 205 209 211
205 206 209 214 217 222 228 233 234 236 237 245 252 256 261 254 246 240 238 237 248 237 227 222 221 217 212 210 213 221 229 230 221 222 227 241 239 246 240 245 252 245 237 242 247 252 256 256 243 238 243 243 237 233 229 228 224 221 221 227 233 221 221 217 220 212 203 199 203 210 216 214 224 235 225 223 222 222 227 214 200 194 188 185 188 198 206 205 207 205 209 202 201 208
203 208 211 214 219 224 228 234 236 241 243 254 257 263 266 256 255 255 252 246 250 268 236 225 218 213 212 209 213 223 221 225 219 223 227 231 233 242 236 245 252 240 234 240 247 247 247 247 237 235 236 241 234 233 236 234 227 224 227 234 233 227 228 226 220 212 208 200 200 205 209 217 231 234 226 214 213 212 211 211 207 202 192 184 189 194 196 203 204 199 204 201 196 202
201 205 209 212 217 222 230 238 244 244 245 254 249 252 260 261 266 273 275 259 254 274 266 226 217 211 208 207 210 215 219 221 217 223 221 231 237 235 234 245 244 232 232 236 239 240 244 246 235 231 231 235 230 227 229 231 234 232 237 240 231 222 219 221 219 211 203 201 196 201 212 219 230 232 227 218 205 203 204 203 198 194 192 184 185 189 197 204 205 197 195 200 192 195
202 206 211 213 216 222 231 235 231 232 228 239 239 249 248 253 260 278 278 270 275 294 263 226 222 217 212 211 207 213 219 213 215 219 219 227 233 227 236 244 234 226 230 240 236 233 237 241 236 230 227 224 222 224 218 221 226 231 239 234 232 227 222 212 209 205 204 201 196 198 205 215 225 225 225 221 206 198 196 203 202 194 187 183 185 192 199 203 198 195 188 195 192 189
205 209 211 212 217 222 221 223 216 218 221 224 235 238 235 246 253 260 268 275 302 307 249 230 223 216 211 209 205 213 211 212 218 213 214 221 227 226 237 233 226 235 234 242 236 228 230 234 232 231 226 225 219 218 215 213 219 228 227 233 230 223 217 217 220 211 206 199 195 197 204 214 222 214 213 214 210 202 194 195 200 193 190 182 184 192 196 198 196 189 185 189 190 187
205 209 205 209 211 210 211 217 220 227 238 236 234 232 239 244 247 252 261 264 267 260 243 238 226 216 210 209 205 206 207 214 212 212 220 227 227 234 238 224 218 223 225 226 230 230 225 225 226 229 226 227 222 216 214 209 213 219 230 234 230 225 227 233 219 210 202 199 193 198 215 221 222 210 206 209 208 206 194 188 193 188 185 181 184 189 197 194 190 189 181 187 186 185
205 202 201 203 204 206 216 224 223 231 250 246 244 247 243 248 257 251 258 268 259 239 243 237 228 221 216 216 208 203 205 210 207 215 223 230 233 233 224 217 217 216 219 225 230 232 229 223 219 221 220 220 223 223 218 212 211 219 220 227 239 233 246 245 227 211 206 198 192 194 210 214 212 212 204 201 204 203 196 188 185 185 181 180 186 190 192 189 186 183 181 182 181 182
198 197 199 202 206 208 211 212 216 225 238 252 260 259 257 254 261 267 276 267 259 243 234 228 223 219 215 215 209 204 204 205 208 217 225 228 227 217 214 218 218 215 216 220 224 233 234 226 221 215 215 217 226 225 222 211 207 213 222 221 230 240 247 231 227 212 203 196 191 190 195 200 207 210 201 195 197 199 194 191 185 180 180 184 190 192 187 181 180 179 178 178 179 179
194 196 201 206 210 214 223 222 216 221 229 246 247 263 264 270 273 272 265 262 257 261 249 234 228 216 211 211 214 209 201 203 213 217 220 223 215 212 223 214 215 214 213 218 221 228 234 228 220 213 211 216 218 217 221 211 204 210 216 214 221 237 239 235 217 208 204 199 196 190 191 200 206 205 201 194 190 192 193 185 182 179 181 188 190 185 183 178 177 177 177 178 178 179
192 196 201 207 213 222 236 234 224 221 226 233 243 247 267 276 273 267 258 256 245 248 252 234 225 217 219 223 212 208 202 199 204 208 218 215 206 205 210 212 217 214 210 213 221 229 235 232 224 216 213 210 210 208 212 209 204 204 206 210 217 225 232 228 221 212 208 198 194 189 189 197 198 204 202 196 192 186 187 185 179 177 182 187 185 181 178 177 176 176 179 181 179 180
196 201 205 211 217 224 240 236 239 233 227 229 235 244 251 256 267 288 273 251 241 235 241 239 222 221 226 218 210 203 204 196 205 208 216 210 204 207 218 222 217 213 214 216 224 229 233 231 227 225 218 214 208 206 206 202 203 200 201 207 213 221 225 222 225 213 206 204 200 191 186 189 193 199 198 196 194 188 181 181 177 177 183 179 178 176 176 176 176 177 183 184 189 188
198 201 207 213 217 220 229 228 236 244 237 237 233 237 242 251 265 275 292 260 245 235 230 230 226 235 230 216 209 206 206 196 197 205 208 201 202 217 219 214 205 211 211 216 224 225 226 223 226 228 228 221 213 213 210 205 203 199 199 206 207 217 224 213 220 222 221 222 207 194 187 185 189 196 196 193 189 186 183 177 176 178 179 175 175 175 175 176 178 179 179 183 191 197
