examples/etopo1.asc
ncols        121
nrows        151
xllcorner    142.491666666667
yllcorner    -24.008333333333
cellsize     0.016666666667
[rows 42 to 83 of 151, columns 0 to 93 of 121]
180 184 182 181 180 177 179 184 178 176 175 170 170 168 167 169 176 181 182 182 184 186 188 194 199 201 201 206 212 218 224 229 229 225 218 213 212 210 203 198 198 203 208 213 218 223 220 222 218 214 216 222 220 221 213 212 216 222 228 232 235 234 229 226 232 237 239 241 239 243 249 253 257 261 269 278 281 285 289 284 279 281 289 288 280 270 270 273 279 276 279 277 270 265
182 181 176 176 180 173 173 179 179 172 174 170 167 167 168 172 174 177 180 183 186 191 194 193 197 202 205 210 217 219 225 232 232 223 219 221 226 218 203 196 199 204 205 210 215 215 214 216 218 208 211 208 210 211 209 215 219 222 227 225 224 225 224 222 225 228 230 232 237 242 246 248 250 256 263 275 283 289 292 287 283 287 292 287 278 274 276 282 285 286 284 275 268 261
174 175 173 171 173 169 169 172 175 169 169 167 165 168 173 171 173 175 179 185 188 191 196 199 198 200 204 209 216 222 228 231 230 230 230 239 225 209 200 195 199 202 206 210 205 205 206 213 209 205 204 203 204 206 207 210 211 213 215 216 216 218 219 221 224 226 227 229 232 235 238 242 248 255 263 272 283 292 297 290 286 292 295 288 283 282 284 289 291 287 280 274 267 264
166 169 165 169 166 165 167 166 167 167 165 164 165 167 169 170 172 174 178 182 186 190 195 200 203 206 207 212 223 223 223 223 229 230 231 237 231 206 197 194 200 204 202 201 199 199 203 204 201 201 204 207 208 209 209 210 212 213 214 215 217 220 221 224 228 232 231 231 233 238 241 243 248 255 263 271 276 284 297 295 294 295 292 291 290 291 291 285 284 286 281 276 273 271
161 162 161 166 163 162 164 162 162 163 163 165 169 170 170 171 172 176 181 182 184 189 193 197 201 208 212 214 222 220 215 215 235 220 226 229 218 204 197 193 197 196 194 194 195 196 198 199 202 204 209 214 216 217 215 214 218 221 219 220 223 226 230 226 230 234 237 239 237 238 243 249 250 253 258 264 273 284 297 295 296 293 285 283 288 287 284 277 281 282 276 270 266 265
158 159 160 160 160 161 161 163 163 163 166 168 171 175 177 178 174 176 180 182 184 187 191 197 203 208 210 215 211 211 212 208 218 218 212 218 210 203 196 192 193 192 194 199 201 203 202 209 212 211 211 215 223 223 220 219 223 225 224 223 229 230 233 233 231 236 241 246 243 244 244 250 257 258 261 265 271 282 292 288 291 288 281 277 282 277 280 272 272 272 267 264 259 256
158 159 160 160 162 164 165 167 168 169 169 170 175 182 187 184 179 179 181 181 185 190 191 194 200 201 204 203 201 205 207 204 208 209 206 206 209 203 194 191 191 195 203 203 205 209 205 210 219 222 217 216 223 227 226 223 227 233 233 229 230 237 241 242 237 236 241 248 251 249 248 253 260 264 269 274 278 285 287 283 283 280 276 273 277 271 274 269 265 262 261 256 252 249
159 158 159 160 162 164 167 168 173 175 175 176 179 188 193 189 183 182 186 186 185 189 194 196 197 200 202 197 195 201 203 198 200 204 205 200 204 197 192 190 191 198 205 209 214 216 214 214 214 221 225 223 225 229 232 229 231 237 240 237 234 238 245 249 244 243 246 252 256 256 254 255 261 269 275 284 289 293 288 281 277 273 270 267 266 265 264 261 259 259 254 252 250 250
161 162 160 159 160 161 164 167 170 175 182 183 181 184 189 188 182 184 186 190 189 187 190 191 191 193 196 191 193 200 202 193 199 204 205 198 197 196 190 189 191 195 202 210 219 223 223 222 225 224 228 231 234 235 238 237 237 240 244 243 241 241 246 251 252 249 254 255 259 262 260 259 262 270 279 288 295 292 288 283 277 277 274 272 268 266 263 262 258 257 258 259 258 258
166 168 165 161 161 161 162 163 166 170 177 178 179 177 178 180 177 178 182 187 186 182 183 185 184 187 192 187 190 188 188 191 194 197 201 199 192 190 188 189 196 201 205 214 218 217 216 221 229 230 233 233 234 234 234 236 238 242 246 250 249 248 249 255 253 253 257 263 263 268 267 267 268 273 279 289 298 293 287 281 281 286 281 278 276 274 273 270 267 266 266 265 258 257
167 169 169 163 165 167 163 163 164 165 168 172 174 170 170 171 172 174 179 183 181 178 178 179 179 181 186 182 183 183 184 187 189 192 195 193 190 187 187 191 197 201 205 206 209 212 211 220 224 225 229 227 228 227 230 234 237 239 238 240 243 241 245 247 244 246 253 258 258 263 269 274 278 280 286 290 294 292 287 287 287 291 288 284 285 281 278 275 270 269 265 263 257 249
166 168 172 166 167 172 166 166 164 164 166 166 167 168 168 169 170 172 176 178 177 176 176 176 178 178 179 179 180 181 182 183 186 187 188 187 186 186 188 191 193 195 199 200 203 205 209 218 217 223 223 222 223 226 231 232 231 229 229 232 237 235 240 239 238 244 249 249 252 259 266 276 286 284 283 283 286 291 295 295 293 295 289 284 281 276 271 267 262 259 256 254 252 252
169 172 172 170 170 174 170 174 170 168 166 167 168 170 170 171 170 171 172 173 173 174 175 176 177 178 179 181 182 182 182 183 183 184 185 185 185 186 187 188 191 192 195 197 199 202 206 211 213 215 216 218 223 225 225 225 222 223 222 227 229 230 233 233 236 241 242 245 251 259 266 274 285 281 278 278 281 290 294 293 295 289 284 278 275 271 266 264 263 261 258 256 256 261
171 175 175 174 179 178 176 176 178 174 169 172 170 174 174 175 175 173 173 173 174 175 176 176 179 180 181 183 184 185 184 184 185 184 185 186 188 188 189 188 189 193 198 199 203 205 207 208 210 215 216 215 218 218 217 217 215 218 218 220 222 224 227 232 235 236 238 244 248 254 264 275 283 279 274 276 282 283 284 285 290 292 287 280 276 273 271 269 272 269 263 261 262 266
176 179 180 177 182 184 184 181 183 177 174 173 174 174 177 180 181 180 177 177 179 179 178 178 181 182 183 185 187 188 187 186 187 187 186 187 189 192 193 192 190 190 190 194 198 200 207 209 207 207 207 207 209 210 210 210 212 215 218 221 222 223 228 229 231 234 242 247 252 256 263 274 278 278 271 274 279 278 277 282 284 290 286 283 283 281 274 274 279 275 266 266 268 270
175 185 190 182 186 189 191 186 189 182 180 177 178 176 180 184 186 186 182 181 184 185 181 181 184 186 187 188 190 191 190 188 188 191 188 190 193 196 197 196 197 196 195 193 193 196 198 199 199 200 202 203 204 206 208 213 219 217 219 226 229 228 227 230 237 236 239 245 250 259 267 272 273 272 269 269 274 274 273 275 279 280 285 290 289 282 276 279 285 277 270 273 277 276
173 185 193 188 193 196 195 191 191 185 183 183 183 179 182 186 188 190 188 187 188 189 185 184 188 191 194 195 193 193 193 189 190 192 193 195 199 209 214 207 209 216 204 200 198 196 196 198 203 207 208 211 210 210 212 213 221 225 223 224 232 235 234 237 238 241 242 249 255 260 268 271 268 266 263 267 273 270 268 269 272 278 285 292 288 282 284 285 287 279 273 280 272 269
172 177 182 191 200 207 203 199 196 189 189 188 185 182 184 187 190 194 194 195 195 192 187 187 189 196 202 203 196 196 196 195 192 193 195 200 202 208 225 252 262 260 223 208 206 203 199 199 200 203 208 213 217 217 218 219 219 226 230 228 228 232 236 243 244 246 248 251 259 266 272 271 265 262 261 267 270 265 263 265 270 275 280 288 292 289 293 293 289 281 280 278 268 260
178 180 189 195 207 226 213 206 197 193 196 192 188 186 188 190 193 197 204 208 216 200 191 191 192 198 206 204 199 198 198 199 197 196 199 199 208 211 216 226 227 243 232 217 215 207 203 205 204 203 202 207 214 219 222 226 226 228 232 236 236 236 238 241 248 254 254 256 260 269 276 272 267 261 258 262 264 261 261 264 269 276 282 289 296 296 298 301 293 287 280 274 268 261
183 182 189 198 207 215 213 205 200 201 200 196 193 193 194 195 196 202 214 224 225 204 196 194 196 199 204 205 202 201 201 199 199 199 204 203 204 207 213 233 229 239 233 227 215 209 207 213 213 210 204 207 212 216 223 227 229 234 238 242 247 242 243 246 249 254 260 263 264 272 276 271 266 261 258 256 260 257 259 265 272 281 286 287 289 294 301 297 293 284 274 267 262 257
188 188 188 193 199 206 211 209 207 208 204 213 222 211 209 204 200 209 229 238 221 206 199 196 200 202 208 208 206 204 203 200 200 205 209 212 209 209 210 214 218 225 228 222 216 216 214 217 220 210 207 207 211 217 222 221 226 231 236 238 240 245 250 253 256 260 264 269 271 275 272 268 268 266 260 254 254 254 260 267 272 276 279 280 284 293 295 288 284 284 280 275 271 262
192 197 197 197 204 207 221 241 223 223 212 223 244 236 218 213 207 207 213 235 228 208 200 200 203 205 213 212 209 211 210 206 206 212 222 219 219 215 224 237 237 231 229 223 222 227 222 220 218 210 209 213 209 211 214 216 219 224 228 231 236 241 250 255 259 266 271 276 278 275 272 268 262 262 262 254 252 254 259 262 265 268 272 278 284 293 297 288 281 277 276 280 274 264
187 192 201 204 217 220 255 263 252 250 243 253 250 235 225 226 224 212 216 239 223 211 206 204 204 210 215 214 213 218 218 216 214 218 212 221 230 240 252 259 259 263 251 231 231 232 224 218 214 212 212 218 216 213 217 219 222 223 225 229 235 241 246 254 260 266 275 276 275 274 267 264 259 255 257 251 250 253 256 259 261 266 270 274 282 290 287 285 278 271 268 271 274 267
183 190 198 208 227 242 268 264 263 260 257 253 250 242 246 247 242 224 218 233 228 217 212 208 207 212 223 221 217 226 227 222 215 210 211 220 231 238 249 256 234 248 261 245 234 230 226 223 222 223 215 221 222 217 224 225 225 230 232 233 235 241 244 249 256 266 273 272 271 275 270 266 261 256 252 250 250 255 260 264 267 269 274 277 282 285 278 277 281 276 270 263 267 270
185 190 193 198 203 230 270 268 263 260 257 252 248 245 245 247 245 235 229 240 235 227 219 213 214 214 219 227 220 225 234 227 223 212 223 232 231 222 231 235 247 255 245 242 246 243 238 228 231 226 219 225 228 222 228 233 231 232 238 242 239 242 248 252 259 264 271 271 267 269 270 268 264 258 253 248 248 253 258 262 265 271 278 283 281 276 272 270 276 273 267 261 260 261
188 191 196 200 204 207 230 256 260 257 254 250 246 245 246 248 248 238 237 246 246 239 223 220 227 226 221 230 225 229 235 239 228 216 218 240 236 245 237 232 237 254 246 254 254 244 236 231 227 224 230 233 234 226 233 241 238 240 240 247 248 249 252 258 263 271 274 269 263 263 263 266 265 260 252 246 246 250 254 258 263 268 272 275 275 272 265 264 269 276 276 268 256 254
186 192 201 241 236 225 217 227 247 253 250 247 244 245 246 248 247 249 249 250 250 236 228 239 245 238 228 231 232 231 245 244 248 224 218 220 238 256 249 238 244 247 242 252 266 248 236 230 232 230 237 238 240 233 234 241 246 248 246 250 257 257 259 263 270 270 268 267 265 260 258 259 257 258 252 244 244 247 250 255 259 262 266 267 267 264 260 259 267 276 278 265 257 250
185 189 197 210 255 260 248 243 254 249 247 244 244 244 247 248 248 249 250 250 249 241 239 247 251 238 236 242 247 235 241 248 260 233 232 228 226 240 261 256 242 260 259 272 267 251 241 239 236 236 245 247 248 243 236 243 251 256 258 257 257 253 257 261 267 263 261 260 263 262 257 253 251 248 247 245 241 243 247 251 253 255 259 263 261 257 254 258 264 271 278 270 260 254
188 193 200 208 225 242 256 255 250 245 242 242 242 244 246 247 249 249 249 249 250 250 249 250 252 245 248 256 259 248 245 245 258 249 258 242 240 232 239 265 248 259 269 278 264 253 250 244 241 247 249 255 254 252 246 246 250 257 264 261 256 249 253 257 260 262 255 255 258 259 260 258 255 250 246 242 240 239 245 246 250 255 259 256 254 251 253 259 265 272 273 270 268 259
192 196 203 215 242 258 255 252 248 244 242 242 241 244 246 245 247 247 249 249 249 249 249 251 253 254 255 260 252 247 252 244 246 252 260 246 246 261 235 243 254 260 256 265 284 263 251 252 245 253 262 262 253 252 251 252 256 262 263 256 251 246 249 255 260 261 255 251 255 253 254 254 257 254 250 245 243 238 239 245 250 252 255 250 247 249 256 261 265 268 270 264 261 256
196 205 210 255 265 260 253 248 246 245 243 241 241 242 243 245 247 247 247 246 247 248 249 252 255 257 259 262 256 252 252 243 256 255 256 258 267 266 248 248 245 247 250 279 275 273 270 266 254 256 261 255 251 248 245 250 256 258 257 253 246 243 248 254 260 261 255 250 247 248 246 249 254 258 253 251 245 239 236 242 243 248 252 245 244 251 255 257 259 259 261 263 260 252
199 215 223 271 263 258 252 248 246 244 243 241 239 240 240 242 244 245 246 245 246 247 249 252 256 258 261 263 263 261 258 251 264 273 273 269 278 290 280 266 248 247 252 262 288 296 336 284 274 270 263 252 247 243 242 246 250 248 252 248 242 241 248 254 259 257 253 249 244 242 242 247 250 256 258 252 247 243 236 235 236 241 246 240 243 249 248 252 251 253 253 255 262 260
206 237 233 260 261 257 252 247 246 247 244 241 240 239 239 240 242 244 244 245 248 247 250 253 255 258 261 265 267 269 256 251 264 280 285 284 286 290 294 265 255 255 257 258 274 297 325 334 291 273 262 257 250 244 239 240 241 244 249 247 239 241 246 250 259 256 250 245 240 239 240 245 246 252 253 250 248 248 243 235 232 236 241 236 242 246 245 246 244 245 247 254 255 259
200 210 250 260 259 255 251 247 249 249 245 240 239 238 238 239 242 243 244 245 246 246 249 252 254 257 261 267 269 270 270 261 256 264 264 272 284 293 291 276 267 271 273 265 272 280 315 365 294 266 259 253 249 244 239 236 236 238 241 241 236 240 246 252 258 258 251 245 239 236 236 239 241 246 250 246 242 248 246 241 234 231 234 234 241 242 242 238 238 243 248 247 248 252
200 210 234 261 258 254 250 245 249 249 242 240 239 237 238 240 241 243 242 244 244 246 248 251 254 258 263 269 272 273 275 270 271 262 265 270 278 284 291 273 279 318 292 287 286 289 316 322 281 270 262 255 249 244 241 236 233 231 234 233 233 238 244 250 253 253 252 248 241 236 232 233 236 239 243 241 239 241 246 241 236 230 230 233 237 236 236 233 239 246 247 241 243 243
204 231 243 258 254 251 248 244 242 241 240 240 238 237 236 238 241 242 242 242 243 244 247 249 254 260 266 274 278 279 280 283 271 265 273 275 279 290 299 293 324 315 320 321 315 332 332 286 282 269 261 255 251 247 244 239 235 231 229 230 235 240 245 245 245 249 244 246 244 241 235 230 230 236 237 233 237 243 250 245 242 233 229 229 229 230 229 231 237 240 243 237 236 240
214 234 261 255 251 248 247 244 242 239 238 238 237 235 235 238 240 240 240 241 242 243 246 248 254 260 268 277 286 288 281 282 280 272 288 292 288 293 315 349 342 345 348 313 301 301 284 274 268 263 261 257 253 250 245 241 238 233 228 230 236 242 243 239 243 246 240 238 242 243 237 231 226 230 231 232 238 241 246 251 245 240 234 230 229 225 225 227 230 233 237 233 235 242
252 264 259 256 253 252 248 245 242 239 237 237 236 234 234 236 239 239 238 240 241 242 245 248 252 258 263 272 274 274 272 275 278 282 288 297 309 315 345 352 356 349 322 332 342 285 281 274 269 264 259 254 250 248 244 242 238 234 229 225 230 235 235 234 239 238 236 233 237 241 236 231 225 226 228 228 233 238 241 246 250 248 241 236 236 228 225 222 223 229 228 231 239 241
260 263 261 259 257 255 253 249 246 241 238 236 236 234 233 235 238 239 237 238 240 243 246 248 251 255 258 263 265 267 271 276 280 284 290 302 328 325 335 350 347 333 355 355 308 295 295 290 273 263 256 251 247 244 241 237 234 231 230 226 224 227 230 232 235 232 231 230 236 241 235 229 225 223 223 229 234 233 237 243 251 252 248 245 239 235 230 224 221 222 225 232 238 236
267 267 266 265 263 262 258 253 249 245 241 238 236 234 233 235 237 236 236 238 240 243 246 249 251 254 256 259 263 267 272 277 282 287 292 302 308 327 349 348 347 356 352 331 306 303 297 290 269 263 260 252 247 244 240 236 235 231 227 225 223 222 225 226 231 226 225 230 237 240 240 236 226 220 222 228 228 230 234 240 247 249 256 252 245 242 236 229 221 220 224 229 231 229
273 273 273 271 270 267 262 258 254 249 244 240 236 233 232 234 237 235 235 238 241 243 246 248 251 254 257 260 263 268 273 277 282 289 299 305 318 344 340 344 350 358 338 308 297 294 292 282 280 275 263 257 251 244 239 235 233 231 232 231 227 221 222 221 226 221 224 232 239 241 243 237 230 221 221 222 226 226 229 236 238 245 253 252 247 242 235 227 221 218 222 226 224 225
279 278 276 273 271 269 266 263 258 253 248 242 237 233 232 233 234 233 235 237 240 243 245 248 251 255 259 263 266 268 272 278 284 294 313 330 334 328 337 344 351 357 322 300 293 287 288 293 282 265 258 251 246 245 241 240 237 238 241 234 227 222 219 218 220 219 223 232 234 235 239 232 226 221 217 219 221 222 226 229 234 243 250 245 241 237 238 233 227 218 220 221 221 226
