examples/etopo1.asc
ncols        121
nrows        151
xllcorner    142.491666666667
yllcorner    -24.008333333333
cellsize     0.016666666667
[rows 0 to 41 of 151, columns 0 to 93 of 121]
192 194 197 198 200 201 198 197 198 196 195 195 193 193 195 197 199 202 207 211 211 211 213 215 218 219 220 225 230 232 233 234 237 237 232 229 232 227 226 227 229 231 232 233 234 236 238 240 242 244 246 249 252 255 257 260 262 266 271 275 280 285 292 300 308 315 311 308 307 306 300 299 298 295 297 295 290 287 287 285 282 278 278 279 278 274 270 270 269 268 269 265 265 265
197 199 200 204 206 203 201 202 202 199 198 198 196 196 197 199 203 204 208 214 216 217 217 218 222 225 224 229 234 230 229 230 231 232 228 225 227 225 225 228 231 234 237 237 238 241 241 244 246 250 250 251 254 258 261 265 267 268 273 277 282 289 296 303 311 314 307 304 301 300 299 298 297 292 292 293 291 285 284 281 279 275 272 271 270 272 269 268 271 266 264 263 263 263
199 205 206 209 212 207 204 205 203 201 200 200 198 198 199 201 205 207 210 215 222 224 222 222 224 227 225 227 232 228 224 225 229 226 225 222 223 223 225 228 232 235 239 244 245 246 246 248 250 255 256 255 257 261 266 268 271 275 274 278 283 287 294 299 306 314 311 306 303 298 296 296 295 292 289 289 288 283 284 282 277 274 272 273 269 268 268 266 266 264 262 261 261 261
202 203 207 211 215 211 208 207 205 203 204 202 201 202 202 204 207 211 214 218 223 229 229 228 225 222 221 225 229 226 220 224 226 221 222 220 220 222 227 230 234 237 241 248 252 256 253 252 256 259 262 260 260 263 269 273 276 280 282 282 286 291 295 296 301 309 311 306 302 299 294 292 290 288 286 284 283 281 282 279 276 276 277 274 273 269 267 266 265 264 264 262 260 259
200 206 209 210 216 217 212 209 207 206 210 208 206 204 207 208 210 214 217 219 224 231 230 228 226 219 217 222 225 224 218 220 220 217 217 219 222 223 226 229 234 239 243 248 251 257 260 258 261 266 270 266 263 266 270 277 282 285 282 284 288 292 288 288 295 302 311 308 304 302 298 294 290 292 290 288 286 281 279 277 278 282 278 278 276 273 272 271 271 268 269 268 262 259
202 205 213 216 220 219 217 213 209 210 215 214 209 206 211 214 214 217 223 223 226 227 223 223 225 219 214 220 218 218 216 215 214 216 219 225 226 226 228 231 233 236 240 244 248 252 256 261 265 271 277 272 269 270 272 276 281 280 275 278 282 284 281 283 289 296 305 313 309 309 303 296 295 296 294 292 288 285 283 282 285 284 282 282 279 276 276 277 275 272 274 268 265 263
207 207 212 219 224 224 221 215 211 212 220 220 215 210 212 216 219 220 225 227 223 222 219 216 219 213 210 214 212 213 212 213 214 215 217 220 225 228 231 233 236 239 240 244 248 253 257 260 265 271 279 280 275 277 277 282 280 274 269 272 278 277 275 280 285 293 304 313 315 313 305 299 301 302 300 296 290 290 290 287 289 289 289 286 283 282 281 282 279 277 275 271 270 264
210 214 214 219 226 223 221 217 215 215 220 224 218 215 214 216 221 226 227 221 216 215 215 212 214 211 208 209 210 211 212 214 216 219 221 220 221 223 229 232 236 239 243 246 249 253 259 263 266 272 277 277 279 279 277 278 273 269 265 270 274 270 274 280 287 294 299 305 310 310 306 303 306 309 303 297 294 296 296 293 295 296 294 292 287 286 280 277 279 276 275 276 274 268
209 216 220 224 228 227 227 219 219 219 227 227 222 217 213 217 221 221 222 221 212 209 211 208 211 206 207 211 214 215 215 217 220 222 225 226 226 225 226 228 231 234 237 240 245 250 257 259 263 268 268 272 277 274 268 269 266 264 261 265 267 267 272 279 283 288 290 297 305 313 312 308 310 313 305 302 301 305 304 300 299 294 290 288 283 281 276 273 275 272 271 271 273 270
214 214 219 224 228 232 227 224 223 218 221 223 216 212 210 214 216 216 217 219 211 205 206 204 205 206 210 212 215 216 218 221 224 227 229 232 234 231 233 231 232 234 235 237 241 245 251 255 258 261 264 268 271 266 265 260 260 257 256 259 263 269 274 276 278 283 288 295 302 314 317 313 314 315 311 309 308 307 303 297 293 291 286 283 280 275 273 270 269 268 267 267 267 266
218 221 223 226 231 233 232 227 220 216 213 215 211 209 206 209 211 211 215 214 209 203 202 204 207 211 213 215 217 219 222 225 229 233 234 235 239 237 237 236 237 238 239 242 242 244 247 250 253 257 262 267 267 260 257 255 258 253 258 263 267 270 269 275 280 285 291 298 304 310 313 318 319 319 315 308 304 302 297 292 288 285 282 279 277 273 274 272 270 267 265 263 262 261
218 224 228 231 237 234 230 225 221 217 211 209 205 206 202 206 206 210 211 207 201 200 203 207 209 213 215 218 220 222 225 229 233 238 240 240 242 243 242 242 241 241 243 245 246 247 250 253 256 260 265 267 262 257 251 250 253 250 256 263 268 264 268 273 277 282 289 299 301 299 301 309 315 311 310 306 300 295 294 288 286 284 282 281 279 277 279 276 274 272 270 265 263 259
217 220 226 232 237 238 234 227 222 217 213 212 207 202 201 204 204 210 205 200 199 201 207 212 212 213 216 222 225 227 229 232 236 241 243 243 244 244 245 246 247 248 248 249 250 253 254 257 261 266 271 268 258 252 248 246 246 249 255 258 260 260 265 272 278 284 289 292 292 288 293 303 314 309 303 301 296 293 292 291 292 291 288 287 284 281 283 279 278 275 273 269 266 263
220 223 227 232 238 235 230 224 220 214 211 211 209 201 197 199 204 207 200 197 199 203 207 210 212 214 218 223 230 233 230 229 231 234 237 237 237 238 241 245 250 253 253 253 254 257 260 260 264 267 270 265 257 253 246 242 244 248 250 253 257 261 267 273 275 280 281 280 282 283 292 301 309 310 305 299 299 297 299 297 298 300 295 293 289 285 286 284 283 279 274 271 267 265
223 227 225 228 234 233 226 221 216 213 208 206 210 208 198 198 205 201 196 198 200 202 206 210 214 218 222 226 228 229 225 223 225 229 231 231 232 235 239 244 248 252 256 257 259 262 258 255 257 259 263 264 254 245 241 241 246 249 254 257 261 266 267 265 268 272 271 272 274 279 287 295 308 311 307 306 303 302 305 305 305 304 302 299 292 291 292 289 284 281 278 272 271 268
221 221 219 225 228 234 226 218 215 209 207 204 217 202 194 198 201 194 196 199 202 206 206 209 215 221 225 225 222 221 218 219 221 224 225 227 230 234 238 243 247 250 255 261 264 263 256 251 251 254 258 261 255 247 238 240 247 249 252 253 257 259 257 258 261 262 266 271 275 280 285 292 303 314 313 312 308 308 309 313 314 314 308 302 296 299 300 291 288 283 279 278 275 273
219 217 214 220 226 231 226 217 209 204 204 200 209 197 192 195 193 194 197 202 207 207 210 213 216 221 221 221 217 215 214 216 218 221 224 227 231 235 240 245 245 249 255 261 264 260 256 249 246 249 256 254 248 246 237 237 240 242 244 247 253 250 252 255 258 263 271 276 281 288 291 297 306 320 320 318 316 313 313 320 323 322 314 305 304 307 303 296 293 288 285 284 280 277
214 213 211 216 221 226 224 216 213 206 200 196 199 195 191 192 193 195 199 205 210 213 214 219 217 214 214 213 213 211 212 215 217 220 225 230 237 238 241 247 250 253 256 262 259 254 251 248 242 244 250 251 244 239 236 236 238 240 243 244 247 249 253 258 263 266 271 278 285 290 299 307 315 321 318 314 316 319 319 315 315 318 313 306 300 300 301 303 298 290 284 279 276 272
212 210 207 212 219 225 225 220 215 208 203 200 193 190 190 192 195 199 204 210 213 217 218 217 212 209 209 208 209 208 211 213 215 220 225 230 234 235 237 243 245 248 253 260 259 253 248 243 239 241 247 252 245 239 232 236 240 244 248 250 252 252 257 262 264 270 278 283 287 295 303 315 320 316 311 308 312 316 313 310 305 309 309 300 295 291 293 295 295 291 284 278 274 271
211 208 203 208 215 218 223 217 210 206 201 197 191 189 191 194 198 203 208 214 218 219 212 210 207 204 205 204 205 206 209 211 214 220 223 225 227 230 234 237 243 247 251 257 262 258 251 245 236 238 245 249 242 235 230 236 242 247 253 256 256 258 261 267 271 274 279 286 294 301 309 312 313 313 308 303 309 313 307 302 298 300 308 300 291 286 291 288 283 285 285 284 278 276
208 203 199 204 208 213 217 212 206 201 202 195 191 188 192 196 200 206 213 219 220 214 210 206 202 202 202 204 206 208 210 212 215 218 221 224 229 232 237 241 246 250 254 259 261 254 249 243 236 233 239 244 242 233 229 236 241 246 251 253 255 261 265 268 275 281 286 291 295 301 308 309 307 306 303 299 303 307 302 299 292 296 300 298 291 282 285 285 276 275 279 282 274 270
206 200 196 201 204 210 213 208 203 198 194 193 189 187 196 203 206 208 218 222 220 210 203 201 199 200 201 205 207 209 212 215 219 220 224 226 228 234 243 248 249 251 258 262 262 257 250 242 235 229 235 238 235 229 229 233 237 242 246 249 254 258 261 265 271 279 285 286 288 294 303 304 302 299 300 295 300 302 297 295 289 289 288 290 286 278 280 283 272 268 269 273 269 264
202 197 193 195 201 207 212 206 200 197 192 189 189 187 196 205 208 212 216 217 215 207 199 197 197 199 201 206 211 213 217 219 221 226 230 231 233 237 242 245 248 251 254 257 255 250 246 239 232 226 232 233 229 227 229 233 237 239 244 248 253 260 266 270 274 278 276 278 282 290 296 299 297 294 293 291 295 294 290 288 288 282 279 283 284 275 276 276 269 266 262 265 263 259
200 199 191 192 200 206 208 205 200 197 192 188 185 187 195 201 202 204 210 214 210 203 198 195 197 200 203 206 210 215 219 221 220 223 227 231 237 240 237 239 243 245 248 254 251 245 240 235 230 225 227 229 224 227 231 235 241 244 246 247 249 255 261 269 273 269 269 273 275 281 290 297 293 290 287 288 288 288 289 282 283 283 278 275 277 273 270 267 263 259 257 257 257 255
193 195 188 189 194 198 203 200 195 192 191 187 184 188 194 195 196 200 206 211 204 206 200 194 195 199 204 209 211 213 213 214 217 221 226 230 236 233 230 235 238 239 243 250 249 240 235 231 230 223 225 225 223 227 230 235 238 238 240 245 250 254 259 264 266 262 267 267 271 277 285 294 296 294 288 283 281 280 281 281 277 279 276 270 269 267 265 263 259 260 258 256 254 253
185 188 185 186 190 195 200 196 193 189 187 186 183 187 191 189 195 200 207 207 201 202 200 192 193 199 205 208 205 205 207 211 216 219 224 231 231 227 226 231 232 235 240 245 243 237 232 227 221 220 222 221 225 229 230 230 231 235 240 244 247 252 257 258 258 258 261 262 269 277 285 294 297 298 294 287 283 280 277 275 273 272 270 269 267 266 264 263 265 266 262 260 260 258
182 183 181 184 189 194 199 200 195 193 191 186 182 183 187 185 190 196 203 204 199 196 193 190 193 199 201 202 200 203 207 212 213 216 221 225 224 222 222 225 228 232 238 238 232 229 225 219 217 218 219 221 222 223 225 227 228 232 235 238 243 247 251 255 251 254 258 265 270 277 285 292 291 292 291 290 290 286 282 280 277 274 274 277 276 272 270 271 272 272 271 264 267 261
178 177 179 185 190 198 205 208 207 202 197 191 184 181 182 183 188 192 196 200 195 194 189 188 193 198 195 195 198 200 202 207 207 209 215 219 217 218 222 226 230 235 240 236 226 220 216 216 219 221 225 226 226 227 227 229 232 234 234 235 239 244 248 247 249 254 258 263 268 274 283 291 288 285 284 290 295 291 286 287 284 281 280 284 282 276 279 282 279 282 277 272 270 268
174 176 181 186 192 199 218 233 234 219 204 194 187 181 179 181 183 186 191 197 189 188 186 189 193 191 192 192 194 196 198 201 202 205 211 211 214 220 223 228 232 238 236 230 229 222 214 216 220 223 227 230 232 234 233 234 235 242 240 239 239 240 242 244 248 255 256 260 265 272 280 288 284 280 281 286 290 286 283 286 288 285 282 288 286 284 288 291 287 289 284 279 276 276
173 178 183 185 189 198 209 217 219 219 204 194 188 183 179 178 183 187 193 192 187 183 185 187 187 188 190 194 199 198 199 203 204 205 208 210 214 217 221 227 234 240 239 227 222 218 213 215 220 224 228 232 236 241 240 240 239 244 247 245 245 243 248 250 249 250 255 263 267 271 280 289 281 277 276 279 280 281 275 281 281 278 275 281 286 294 294 287 282 286 293 290 285 278
174 177 180 182 185 190 196 203 205 200 194 190 186 183 179 177 183 191 190 185 183 182 183 187 192 194 195 198 204 203 205 206 210 210 212 213 214 216 221 227 232 237 233 227 218 213 211 215 218 221 224 230 235 237 239 241 244 249 254 255 253 248 252 258 260 256 258 262 269 275 282 288 284 278 272 270 270 272 271 274 275 273 269 274 283 287 286 280 273 280 286 285 284 279
179 182 185 187 188 192 195 201 199 194 190 188 186 181 179 176 179 184 190 184 180 180 184 189 194 198 201 205 208 206 210 210 212 217 218 218 220 221 222 226 231 229 227 225 216 210 211 213 216 219 222 224 228 232 237 241 247 255 259 263 262 255 255 262 267 261 265 265 274 280 288 290 284 278 276 272 266 265 267 266 269 269 265 272 275 276 276 273 266 272 277 277 274 277
178 182 187 193 197 197 201 203 197 194 193 189 185 181 178 175 180 186 184 181 178 180 183 186 190 194 201 206 212 210 215 215 218 219 222 225 225 228 227 227 230 223 221 217 213 209 212 216 221 225 227 229 231 236 240 247 251 257 258 259 261 259 258 267 272 269 273 275 278 285 294 292 286 284 281 273 271 265 262 260 259 262 261 265 270 267 271 269 261 264 268 269 265 267
179 186 189 195 202 208 207 205 202 201 195 188 183 180 177 175 178 185 181 177 177 180 182 186 191 195 200 206 213 215 215 219 225 225 227 230 231 234 234 232 227 221 213 212 207 208 214 216 221 226 229 235 236 241 246 252 257 259 248 249 250 250 255 262 268 268 273 279 280 288 294 296 292 289 281 280 276 269 264 263 259 256 257 261 267 261 266 268 258 255 263 258 260 259
178 184 191 199 204 210 207 203 200 199 197 192 187 184 179 174 177 180 176 175 177 180 183 187 192 198 204 210 216 218 219 222 226 231 234 236 238 235 230 228 223 218 211 206 207 209 212 214 217 222 227 235 240 245 251 253 255 253 243 240 243 250 255 263 269 265 269 265 270 277 287 298 297 293 287 286 282 276 271 267 263 259 255 254 257 255 259 259 253 250 254 252 255 254
176 182 189 198 203 209 206 200 195 193 197 194 189 184 178 173 177 177 174 177 180 180 184 189 194 200 203 208 214 219 224 229 229 233 239 237 233 231 223 222 220 215 210 205 208 212 217 222 221 223 225 231 235 242 249 247 244 244 237 237 243 247 250 257 262 261 261 262 267 276 287 295 291 289 290 287 286 281 274 266 260 256 253 251 250 250 252 250 246 245 248 247 248 246
177 184 188 195 204 212 208 202 195 191 191 192 185 182 177 173 174 173 175 179 182 182 183 186 191 195 200 207 215 220 227 234 236 236 237 230 225 226 220 213 214 215 209 204 208 214 219 223 226 229 231 234 240 245 243 239 237 238 232 232 237 241 247 254 255 254 254 260 268 277 289 291 286 282 282 279 279 276 270 262 257 256 256 253 250 249 248 247 247 247 245 243 242 241
176 184 192 198 204 210 205 198 191 186 186 189 188 185 181 174 171 172 176 177 180 179 182 186 193 197 205 211 216 218 223 232 240 236 229 224 217 220 221 214 209 208 204 205 210 213 217 223 228 231 237 244 244 245 238 231 230 231 228 231 239 245 252 250 248 248 250 256 263 276 287 285 281 277 275 273 272 268 263 260 260 263 262 258 255 255 256 251 250 255 254 251 245 244
177 184 189 193 200 207 203 198 193 186 182 183 185 183 179 173 170 171 173 174 177 179 183 187 193 199 207 209 212 213 222 231 236 229 223 220 213 215 219 212 208 202 202 207 212 217 220 225 231 235 239 245 247 243 236 230 224 224 226 234 240 245 250 243 242 243 247 253 259 265 271 277 281 279 272 269 266 264 264 264 264 267 268 265 265 262 256 254 255 259 256 252 248 252
176 182 186 192 198 201 198 194 189 183 179 179 182 177 178 172 170 171 172 174 177 182 183 186 191 198 201 202 209 215 225 232 228 223 216 213 210 209 212 210 204 201 205 208 214 220 225 230 236 237 233 235 238 236 231 225 222 220 227 233 237 244 242 237 237 239 247 251 255 254 259 269 280 281 275 272 269 270 271 270 267 271 274 273 273 267 258 259 263 265 259 257 253 260
175 181 189 191 190 191 194 189 185 183 176 177 178 173 171 169 170 173 177 175 181 184 189 190 190 193 197 200 205 211 221 228 223 218 213 210 206 204 205 208 200 201 207 214 217 218 224 230 235 230 226 227 233 228 227 221 217 222 227 234 240 241 236 232 235 241 248 254 250 254 261 261 269 276 278 274 274 275 278 276 271 273 278 281 277 269 262 262 270 269 264 262 259 266
177 184 188 186 184 183 186 189 181 179 174 174 174 172 168 168 173 177 181 178 180 183 189 195 196 196 200 204 210 216 221 225 222 221 218 215 209 204 201 203 199 203 210 217 222 223 227 229 226 223 221 225 227 223 219 217 216 221 226 233 241 239 231 229 235 242 247 249 244 249 252 254 261 268 276 275 279 280 284 280 275 277 283 284 277 270 264 267 276 273 270 267 269 268
